10.081855657712877
9.370200186943615
10.308256969120235
9.451126301520002
10.096052378201424
10.108320371488794
10.29034127403543
10.05182762724562
10.143397511347617
10.269869373497675
8.865562870653118
10.113207146823529
10.265086307112842
9.934986691541022
10.117434786594044
10.093100539871957
10.492112974406004
10.096441226313358
-476.07904564079865
689.8526315789474
812.928384533385
752.9628033893437
801.6636085626911
780.524405902823
776.2773222779515
728.228349190916
815.3303656474155
15.969668206025009
14.24444535762887
14.056496720723619
16.54407686876536
14.476580461208234
19.88407014576328
15.73197714565202
18.705506842802627
17.81918197444658
